1.000000000 0.000000000 0.000000000 0.000000000 0.000000000 1.000000000 0.000000000 0.000000000 0.000000000 0.000000000 1.000000000 0.000000000
0.999998689 0.000725703 0.001454239 -0.006585548 -0.000719125 0.999989510 -0.004518691 -0.002794720 -0.001457503 0.004517640 0.999988735 0.964407802
0.999996722 -0.001402218 0.002142856 -0.002200484 0.001413718 0.999984562 -0.005374603 -0.000429035 -0.002135287 0.005377615 0.999983251 1.918950796
0.999993443 -0.002648612 0.002479743 -0.006166826 0.002651639 0.999995768 -0.001217902 -0.004657663 -0.002476506 0.001224470 0.999996185 2.880512714
0.999985397 -0.005078841 0.001853358 -0.004479371 0.005069613 0.999974906 0.004949841 -0.006875240 -0.001878451 -0.004940374 0.999986053 3.828938723
0.999961674 -0.008760793 0.000160557 0.000646239 0.008759874 0.999948978 0.005033948 -0.004693539 -0.000204651 -0.005032349 0.999987364 4.769216537
0.999935150 -0.011385128 -0.000480742 -0.003286000 0.011386062 0.999933243 0.001988624 0.000692226 0.000458069 -0.001993969 0.999997914 5.701069355
0.999929011 -0.011890960 -0.000767603 -0.019039849 0.011889922 0.999928355 -0.001341737 -0.001252617 0.000783502 0.001332515 0.999998748 6.622403145
0.999934256 -0.011377815 -0.001371212 -0.027580686 0.011375445 0.999933779 -0.001723917 -0.001882253 0.001390735 0.001708206 0.999997556 7.546135902
0.999931455 -0.011364289 -0.002808201 -0.029461745 0.011364563 0.999935389 0.000081897 -0.001172491 0.002807090 -0.000113806 0.999996066 8.473435402
0.999929011 -0.011316805 -0.003717601 -0.033848990 0.011328770 0.999930680 0.003213554 -0.002037732 0.003680976 -0.003255442 0.999987960 9.392314911
0.999925435 -0.011316431 -0.004584756 -0.042645633 0.011337961 0.999924660 0.004697721 0.000068647 0.004531249 -0.004749352 0.999978483 10.313545227
0.999906182 -0.012477050 -0.005648840 -0.046016276 0.012507111 0.999907613 0.005318419 0.006221998 0.005581961 -0.005388571 0.999969900 11.235291481
0.999895573 -0.013142607 -0.006004504 -0.060429391 0.013176253 0.999897540 0.005598534 0.008585531 0.005930309 -0.005677067 0.999966323 12.136169434
0.999892294 -0.013332671 -0.006135286 -0.079525672 0.013358349 0.999902189 0.004163675 0.011750147 0.006079172 -0.004245184 0.999972582 13.032007217
0.999883533 -0.013427907 -0.007258735 -0.094168730 0.013443908 0.999907255 0.002160034 0.014887394 0.007229058 -0.002257369 0.999971390 13.933815002
0.999843538 -0.015165514 -0.009101409 -0.099107191 0.015173717 0.999884546 0.000832903 0.023707638 0.009087726 -0.000970874 0.999958277 14.833144188
0.999826193 -0.015272886 -0.010693549 -0.115243614 0.015271447 0.999883354 -0.000216198 0.031031463 0.010695602 0.000052854 0.999942780 15.735930443
0.999835134 -0.013781574 -0.011818352 -0.140725657 0.013766295 0.999904275 -0.001373020 0.034704443 0.011836141 0.001210098 0.999929190 16.637943268
0.999828637 -0.012313226 -0.013829508 -0.154045492 0.012298342 0.999923706 -0.001160844 0.031110279 0.013842747 0.000990565 0.999903679 17.530244827
0.999799252 -0.013187534 -0.015085523 -0.173001364 0.013181432 0.999912977 -0.000503993 0.033735938 0.015090857 0.000305043 0.999886036 18.423151016
0.999790370 -0.012824515 -0.015967794 -0.208366022 0.012844335 0.999916852 0.001139286 0.031074451 0.015951855 -0.001344142 0.999871850 19.312713623
0.999761701 -0.012581232 -0.017839028 -0.222206399 0.012625326 0.999917448 0.002361400 0.020035539 0.017807847 -0.002586061 0.999838054 20.205307007
0.999719977 -0.013674516 -0.019313812 -0.243645951 0.013722332 0.999903083 0.002345460 0.020828666 0.019279867 -0.002609833 0.999810636 21.082674026
0.999681771 -0.013422052 -0.021356137 -0.262988001 0.013470944 0.999906957 0.002147146 0.018387249 0.021325333 -0.002434150 0.999769628 21.954429626
0.999660969 -0.013580963 -0.022212869 -0.285796434 0.013634464 0.999904454 0.002258858 0.022933293 0.022180071 -0.002560953 0.999750674 22.806859970
0.999629438 -0.014313620 -0.023154015 -0.315844864 0.014414543 0.999887288 0.004197774 0.026844827 0.023091316 -0.004529974 0.999723017 23.667133331
0.999587297 -0.015536526 -0.024164664 -0.335601687 0.015713161 0.999851108 0.007136898 0.028873075 0.024050182 -0.007513656 0.999682486 24.512470245
0.999575198 -0.015609985 -0.024614604 -0.361435294 0.015824612 0.999838233 0.008548795 0.033091109 0.024477176 -0.008934679 0.999660432 25.348781586
0.999583066 -0.014826324 -0.024780892 -0.396516353 0.015012376 0.999860406 0.007338695 0.034032699 0.024668630 -0.007707654 0.999665976 26.167373657
0.999584973 -0.013409497 -0.025498280 -0.425050050 0.013519877 0.999899983 0.004161410 0.044313461 0.025439927 -0.004504417 0.999666214 26.974020004
0.999563992 -0.012948887 -0.026533611 -0.448274881 0.013015288 0.999912620 0.002331313 0.048224583 0.026501104 -0.002675640 0.999645174 27.778747559
0.999566078 -0.011491429 -0.027121769 -0.476653486 0.011556852 0.999930620 0.002256694 0.052330874 0.027093954 -0.002569158 0.999629557 28.577518463
0.999530733 -0.011396178 -0.028434085 -0.500780404 0.011454956 0.999932528 0.001905131 0.052271716 0.028410457 -0.002229948 0.999593914 29.364030838
0.999481678 -0.010890872 -0.030296504 -0.530758560 0.010937844 0.999939203 0.001385141 0.049896967 0.030279573 -0.001715801 0.999540031 30.140144348
0.999411821 -0.011136760 -0.032434624 -0.555768907 0.011175489 0.999936998 0.001012997 0.052994184 0.032421298 -0.001374874 0.999473274 30.913833618
0.999346554 -0.011333447 -0.034322586 -0.586826742 0.011413269 0.999932647 0.002130657 0.056430005 0.034296125 -0.002520998 0.999408484 31.665615082
0.999258995 -0.011248527 -0.036811162 -0.612461805 0.011423614 0.999924421 0.004549524 0.059463728 0.036757205 -0.004966669 0.999311864 32.404319763
0.999210417 -0.010545374 -0.038305562 -0.648765266 0.010766675 0.999926507 0.005575561 0.064614765 0.038243942 -0.005983584 0.999250531 33.171127319
0.999151826 -0.009136756 -0.040151525 -0.685102284 0.009378493 0.999939024 0.005836403 0.067302763 0.040095750 -0.006208015 0.999176562 33.897388458
0.999100208 -0.006447406 -0.041918963 -0.721743524 0.006657966 0.999965847 0.004885372 0.069380179 0.041886032 -0.005160072 0.999109149 34.616329193
0.999006569 -0.005479836 -0.044223420 -0.752039671 0.005673829 0.999974966 0.004262337 0.073776759 0.044198953 -0.004509019 0.999012589 35.332870483
0.998912275 -0.005402688 -0.046313230 -0.780327201 0.005644030 0.999971271 0.005081890 0.080622315 0.046284433 -0.005337756 0.998914063 36.042766571
0.998909354 -0.003981202 -0.046522539 -0.825187325 0.004305701 0.999967098 0.006876956 0.087190710 0.046493631 -0.007069768 0.998893619 36.744621277
0.998883903 -0.000913723 -0.047224373 -0.860934615 0.001283448 0.999968767 0.007799393 0.084994972 0.047215771 -0.007851298 0.998853862 37.424797058
0.998931706 0.002456022 -0.046146486 -0.895727575 -0.002191625 0.999980927 0.005779249 0.086988434 0.046159796 -0.005671938 0.998918056 38.093608856
0.998995125 0.004172962 -0.044625580 -0.930446565 -0.004036142 0.999986827 0.003155641 0.085453428 0.044638157 -0.002972355 0.998998821 38.746612549
0.999077797 0.004443972 -0.042706046 -0.960448503 -0.004430039 0.999990046 0.000420894 0.101393156 0.042707495 -0.000231316 0.999087572 39.401779175
0.999212742 0.005446489 -0.039297815 -0.993365884 -0.005400447 0.999984562 0.001277696 0.101272136 0.039304167 -0.001064465 0.999226749 40.043621063
0.999265790 0.010460990 -0.036857627 -1.016750574 -0.010319874 0.999938667 0.004016868 0.104193650 0.036897391 -0.003633553 0.999312460 40.687648773
0.999354064 0.014467553 -0.032895416 -1.044491291 -0.014229568 0.999870896 0.007457269 0.107706860 0.032999061 -0.006984364 0.999430954 41.319572449
0.999404490 0.019303137 -0.028602280 -1.068235278 -0.019075084 0.999784172 0.008224771 0.112872198 0.028754877 -0.007674281 0.999557018 41.926479340
0.999457777 0.023063742 -0.023501461 -1.087018251 -0.022867020 0.999701500 0.008605235 0.118495204 0.023692919 -0.008063160 0.999686718 42.510925293
0.999481499 0.027225219 -0.017188424 -1.114068866 -0.027046844 0.999578774 0.010526017 0.127324998 0.017467760 -0.010055667 0.999796808 43.080715179
0.999412119 0.032390863 -0.011235872 -1.113141775 -0.032256447 0.999408245 0.011945553 0.124872878 0.011616151 -0.011576100 0.999865472 43.636547089
0.999360561 0.035486609 -0.004366742 -1.114633441 -0.035434417 0.999305844 0.011499479 0.130025998 0.004771790 -0.011337395 0.999924302 44.172767639
0.999233484 0.039010629 0.003250190 -1.123642802 -0.039046194 0.999168754 0.011711586 0.129949272 -0.002790612 -0.011829518 0.999926150 44.675220490
0.999015272 0.043148007 0.010323064 -1.116223216 -0.043262858 0.999001265 0.011173457 0.135303095 -0.009830642 -0.011609060 0.999884307 45.169090271
0.998712003 0.047315065 0.018317971 -1.116403580 -0.047471855 0.998838782 0.008220961 0.141960099 -0.017907724 -0.009079961 0.999798357 45.640846252
0.998440862 0.049492989 0.025818178 -1.100047469 -0.049649041 0.998751879 0.005438206 0.139373943 -0.025516806 -0.006711575 0.999651849 46.087558746
0.998178661 0.050020125 0.033726152 -1.085297823 -0.050222434 0.998724580 0.005177925 0.143084005 -0.033424139 -0.006862304 0.999417663 46.517421722
0.997960627 0.048758857 0.041196886 -1.057287455 -0.049070444 0.998773575 0.006585665 0.142854452 -0.040825255 -0.008593784 0.999129295 46.904624939
0.997483373 0.050960187 0.049295135 -1.035133004 -0.051379818 0.998652577 0.007282353 0.145689473 -0.048857614 -0.009796802 0.998757660 47.308124542
0.996884525 0.053537674 0.057922855 -1.014747739 -0.054068454 0.998508036 0.007634404 0.144461110 -0.057427716 -0.010742418 0.998291910 47.667152405
0.996078968 0.058461860 0.066400409 -0.989799976 -0.059045266 0.998231709 0.006856190 0.148183435 -0.065882176 -0.010749935 0.997769535 47.987022400
0.995193779 0.062321439 0.075533807 -0.971603930 -0.063025206 0.997987568 0.006967551 0.147645116 -0.074947588 -0.011694601 0.997118831 48.289585114
0.994513154 0.061290666 0.084776804 -0.940741897 -0.062154975 0.998037636 0.007591007 0.145261154 -0.084145188 -0.012818657 0.996371031 48.575839996
0.993628383 0.059946612 0.095441550 -0.902925789 -0.060768522 0.998135448 0.005725862 0.144947425 -0.094920352 -0.011489222 0.995418549 48.853046417
0.992484570 0.059013795 0.107199691 -0.865684688 -0.059520558 0.998225927 0.001531108 0.141781047 -0.106919155 -0.007900185 0.994236350 49.112155914
0.990888059 0.060034998 0.120568216 -0.825793147 -0.060157880 0.998185456 -0.002623728 0.143592522 -0.120506957 -0.004653308 0.992701530 49.383068085
0.988790035 0.061537791 0.136041850 -0.784687817 -0.061432313 0.998098910 -0.004977413 0.143436059 -0.136089519 -0.003435750 0.990690589 49.642894745
0.986345768 0.063371100 0.152007937 -0.732644975 -0.063184299 0.997983456 -0.006063913 0.137279794 -0.152085692 -0.003623398 0.988360643 49.889495850
0.983536124 0.063997954 0.168999925 -0.677955151 -0.063688233 0.997943521 -0.007258341 0.137581289 -0.169116884 -0.003624468 0.985589385 50.152137756
0.980299830 0.063054971 0.187179849 -0.622386277 -0.062531494 0.998005033 -0.008705871 0.140096873 -0.187355369 -0.003170271 0.982287049 50.408519745
0.976442516 0.062104370 0.206647113 -0.556747973 -0.061603911 0.998061359 -0.008861933 0.135894284 -0.206796840 -0.004077101 0.978375435 50.658065796
0.971931875 0.062469292 0.226816937 -0.483233184 -0.061775468 0.998038352 -0.010163257 0.135733470 -0.227006882 -0.004133730 0.973884344 50.908111572
0.966669619 0.064669557 0.247725055 -0.404312670 -0.063573867 0.997899711 -0.012428350 0.132473797 -0.248008505 -0.003734731 0.968750656 51.130695343
0.960444331 0.065851808 0.270574003 -0.324619651 -0.064405560 0.997822285 -0.014230710 0.123911507 -0.270921886 -0.003758662 0.962594032 51.372936249
0.953138232 0.067109786 0.294997990 -0.230714872 -0.065452158 0.997735322 -0.015501348 0.120219998 -0.295370132 -0.004533323 0.955372155 51.629421234
0.944675505 0.069743559 0.320506275 -0.130537450 -0.068149991 0.997543573 -0.016201276 0.111214645 -0.320848882 -0.006537552 0.947107852 51.854015350
0.934916496 0.071915194 0.347504526 -0.019763438 -0.070385247 0.997374296 -0.017041665 0.100419112 -0.347817659 -0.008526658 0.937523425 52.092002869
0.923732579 0.072506413 0.376113147 0.099903002 -0.070816010 0.997320831 -0.018337855 0.092865296 -0.376435071 -0.009695556 0.926392257 52.332279205
0.911296904 0.070512109 0.405667454 0.243850514 -0.068104893 0.997469842 -0.020385956 0.083210960 -0.406078488 -0.009050282 0.913793385 52.564693451
0.896246910 0.068173669 0.438285202 0.387791336 -0.064507134 0.997645855 -0.023269964 0.078620844 -0.438839823 -0.007416886 0.898534656 52.798179626
0.879175186 0.067167267 0.471741050 0.543395877 -0.061483495 0.997729897 -0.027472788 0.069793999 -0.472515434 -0.004850895 0.881309092 53.014278412
0.859581113 0.069164656 0.506296933 0.713498175 -0.060965631 0.997601628 -0.032774985 0.066173226 -0.507349432 -0.002693951 0.861736178 53.257717133
0.837949932 0.070881613 0.541124523 0.914782524 -0.060301434 0.997483790 -0.037281025 0.060083415 -0.542405427 -0.001390948 0.840115726 53.506778717
0.813146949 0.073698409 0.577373922 1.104151487 -0.061419334 0.997277915 -0.040796537 0.047545467 -0.578808844 -0.002288353 0.815460026 53.733215332
0.785906911 0.077713355 0.613442004 1.315925956 -0.064328983 0.996963382 -0.043884818 0.036377732 -0.614989698 -0.004972717 0.788519502 53.964134216
0.755889714 0.081989452 0.649544775 1.545333862 -0.067845829 0.996595621 -0.046842609 0.026471326 -0.651174009 -0.008661053 0.758879125 54.202674866
0.722691834 0.083363362 0.686124682 1.790863991 -0.067748383 0.996463358 -0.049710099 0.008612622 -0.687842071 -0.010558759 0.725783587 54.424594879
0.686133564 0.080500476 0.723007858 2.077610970 -0.063982204 0.996684968 -0.050252952 -0.014525090 -0.724656463 -0.011779401 0.689009726 54.655109406
0.647038043 0.078937978 0.758360505 2.382375717 -0.060900409 0.996799111 -0.051796496 -0.031939901 -0.760021627 -0.012670157 0.649774253 54.870952606
0.604540288 0.078253008 0.792721510 2.722678661 -0.059040587 0.996827483 -0.053376053 -0.054970007 -0.794383466 -0.014534764 0.607242584 55.087638855
0.558569074 0.077516772 0.825827837 3.076825857 -0.055124115 0.996891558 -0.056289203 -0.078393362 -0.827624261 -0.014081624 0.561105788 55.290370941
0.510223627 0.076554723 0.856627703 3.462263584 -0.052405838 0.996947050 -0.057880793 -0.103085823 -0.858443558 -0.015360147 0.512677908 55.485153198
0.461117744 0.075178474 0.884148419 3.857732058 -0.050904423 0.997004688 -0.058225922 -0.116616748 -0.885877609 -0.018158058 0.463563532 55.665115356
0.411284477 0.072793134 0.908595741 4.285968781 -0.050535426 0.997093916 -0.057007920 -0.140936613 -0.910105109 -0.022469798 0.413767815 55.837688446
0.362018406 0.072245829 0.929367006 4.758016586 -0.053359035 0.996963441 -0.056715481 -0.164266601 -0.930642545 -0.029058086 0.364774078 55.991191864
0.311921597 0.073388457 0.947269201 5.196973801 -0.051875904 0.996840537 -0.060146973 -0.174533740 -0.948690534 -0.030379305 0.314743221 56.121887207
0.266971290 0.069644965 0.961184621 5.707303047 -0.040572327 0.997313201 -0.060993694 -0.211044848 -0.962850034 -0.022713929 0.269079685 56.189250946
0.221468955 0.064267509 0.973047376 6.232013226 -0.026035121 0.997859955 -0.059980635 -0.224685669 -0.974819839 -0.012049557 0.222668216 56.288913727
0.179719642 0.063090153 0.981692612 6.746040821 -0.017111950 0.997990847 -0.061004855 -0.254729599 -0.983569086 -0.005834902 0.180438116 56.337741852
0.139971808 0.064660795 0.988041878 7.287545204 -0.014018421 0.997894764 -0.063319668 -0.278269112 -0.990056276 -0.004987819 0.140583575 56.417530060
0.108040832 0.065392300 0.991993427 7.827475071 -0.005533473 0.997858465 -0.065176241 -0.310353011 -0.994131029 0.001552527 0.108171277 56.439460754
0.079927541 0.063645206 0.994766653 8.388782501 0.001837294 0.997948408 -0.063996390 -0.345213205 -0.996799052 0.006942756 0.079646617 56.448356628
0.054570884 0.062030137 0.996581316 8.970656395 0.008611781 0.998002172 -0.062590145 -0.379022002 -0.998472750 0.011997939 0.053927679 56.469688416
0.035054117 0.061081920 0.997517049 9.550763130 0.013220150 0.998014808 -0.061576977 -0.405463427 -0.999297976 0.015345852 0.034177016 56.467742920
0.018512037 0.063226819 0.997827470 10.140971184 0.016125659 0.997849822 -0.063527405 -0.430977225 -0.999698579 0.017266646 0.017452659 56.479045868
0.005179948 0.062869273 0.998008370 10.738547325 0.016386170 0.997882426 -0.062946387 -0.466702342 -0.999852300 0.016679594 0.004138792 56.473049164
-0.006255887 0.063724421 0.997947931 11.356439590 0.017410630 0.997823119 -0.063607313 -0.498123556 -0.999828815 0.016976982 -0.007351752 56.464206696
-0.015169386 0.066612467 0.997663617 11.976518631 0.022560440 0.997547209 -0.066261671 -0.533991754 -0.999630392 0.021502580 -0.016634984 56.446048737
-0.021606088 0.068229847 0.997435629 12.607110977 0.026052598 0.997368097 -0.067660891 -0.570416629 -0.999427021 0.024523903 -0.023326790 56.420417786
-0.026397899 0.067971654 0.997337937 13.255203247 0.026482757 0.997382998 -0.067273788 -0.598919630 -0.999300599 0.024636371 -0.028128890 56.403770447
-0.030057106 0.065163441 0.997421801 13.913652420 0.024057208 0.997630775 -0.064452142 -0.633504391 -0.999258637 0.022057937 -0.031553544 56.391654968
-0.032478649 0.058237281 0.997774363 14.594058037 0.021997843 0.998100817 -0.057540286 -0.667618036 -0.999230325 0.020080054 -0.033698060 56.371154785
-0.033908002 0.052787688 0.998029888 15.276218414 0.023537053 0.998369336 -0.052005988 -0.703377247 -0.999147713 0.021727266 -0.035095174 56.350177765
-0.034400396 0.050115749 0.998150826 15.953311920 0.026183974 0.998444259 -0.049228076 -0.737358212 -0.999065042 0.024442086 -0.035659108 56.321388245
-0.034173366 0.052254193 0.998048902 16.646223068 0.029687332 0.998244524 -0.051247939 -0.774830341 -0.998974860 0.027878093 -0.035664663 56.294570923
-0.033347670 0.059731118 0.997657359 17.343671799 0.030553278 0.997806847 -0.058718793 -0.805439830 -0.998976648 0.028523564 -0.035099518 56.275703430
-0.031540059 0.067827135 0.997198522 18.041009903 0.031046851 0.997279823 -0.066850699 -0.836558223 -0.999020159 0.028851394 -0.033560086 56.260471344
-0.029300602 0.068679824 0.997208416 18.770463943 0.031919029 0.997192204 -0.067740843 -0.869119465 -0.999060810 0.029845070 -0.031410526 56.241458893
-0.026938558 0.064069875 0.997581720 19.515848160 0.031363457 0.997506797 -0.063218117 -0.913466871 -0.999144971 0.029584607 -0.028880848 56.222911835
-0.024607481 0.057902038 0.998018920 20.254310608 0.030727930 0.997893393 -0.057137098 -0.951718211 -0.999224901 0.029261054 -0.026334848 56.209350586
-0.021418018 0.056158289 0.998192072 20.990421295 0.029324930 0.998026848 -0.055519767 -0.994613171 -0.999340534 0.028082790 -0.023022594 56.195205688
-0.018316016 0.061575163 0.997934341 21.734224319 0.036673803 0.997471511 -0.060873497 -1.036580324 -0.999159455 0.035483085 -0.020527899 56.180156708
-0.015281163 0.066783950 0.997650445 22.437963486 0.038728911 0.997057676 -0.066151075 -1.079611659 -0.999132931 0.037627045 -0.017822668 56.170211792
-0.012921398 0.067229807 0.997653902 23.173177719 0.032547876 0.997236669 -0.066780142 -1.120560884 -0.999386668 0.031608608 -0.015073878 56.176433563
-0.009398475 0.064217262 0.997891665 23.915361404 0.027871095 0.997564852 -0.063933738 -1.157567978 -0.999567389 0.027211452 -0.011165392 56.171657562
-0.004269663 0.060389180 0.998165846 24.650295258 0.032128721 0.997667730 -0.060221620 -1.206972718 -0.999474704 0.031812657 -0.006199932 56.164112091
-0.001782053 0.061148431 0.998127103 25.379199982 0.036156848 0.997479975 -0.061044231 -1.255227923 -0.999344528 0.035980348 -0.003988496 56.171253204
0.001114718 0.066007860 0.997818530 26.123048782 0.035889145 0.997173667 -0.066005297 -1.293762565 -0.999355197 0.035884429 -0.001257398 56.172737122
0.004868607 0.066529855 0.997772574 26.872489929 0.032105505 0.997259617 -0.066652313 -1.339087248 -0.999472618 0.032358494 0.002719291 56.188144684
0.008729863 0.066195011 0.997768581 27.610456467 0.031496271 0.997293234 -0.066439040 -1.380302906 -0.999465764 0.032005996 0.006621338 56.198455811
0.012315984 0.062884197 0.997944951 28.348834991 0.035836879 0.997351706 -0.063289091 -1.431926012 -0.999281764 0.036542699 0.010029794 56.201465607
0.016180208 0.063303418 0.997863114 29.095344543 0.040391020 0.997137785 -0.063912347 -1.477812052 -0.999052882 0.041338824 0.013577008 56.205615997
0.019806057 0.064337634 0.997731686 29.844245911 0.043220069 0.996939421 -0.065144517 -1.522749066 -0.998869181 0.044412285 0.016964763 56.215480804
0.022608446 0.064319298 0.997673273 30.585472107 0.043268718 0.996930361 -0.065251924 -1.565491796 -0.998807609 0.044643287 0.019756030 56.234195709
0.026181620 0.062922522 0.997675002 31.336633682 0.044800010 0.996940494 -0.064051874 -1.611214519 -0.998652816 0.046372827 0.023282588 56.257579803
0.029370299 0.061410081 0.997680426 32.066745758 0.047519375 0.996896625 -0.062760733 -1.662001491 -0.998438418 0.049252447 0.026360985 56.296985626
0.031970616 0.061678674 0.997583926 32.809162140 0.045739513 0.996958077 -0.063105844 -1.705314875 -0.998441577 0.047646526 0.029052215 56.331874847
0.035025138 0.063717067 0.997353256 33.566822052 0.042684972 0.996959507 -0.065190919 -1.746702075 -0.998474479 0.044855315 0.032198884 56.363868713
0.038371030 0.064020060 0.997210741 34.316802979 0.044371545 0.996852040 -0.065704390 -1.786382437 -0.998277903 0.046768926 0.035409577 56.379337311
0.040600799 0.063103810 0.997180879 35.064262390 0.042389840 0.996996343 -0.064818062 -1.839037061 -0.998275816 0.044902001 0.037803885 56.426868439
0.042594671 0.064757995 0.996991575 35.833980560 0.040123582 0.996981263 -0.066471539 -1.871351004 -0.998286426 0.042834207 0.039867766 56.478073120
0.045255411 0.063969523 0.996925175 36.563095093 0.037215382 0.997146964 -0.065673143 -1.927682042 -0.998282015 0.040073019 0.042745646 56.506023407
0.048911035 0.065985553 0.996621132 37.330223083 0.035935570 0.997053027 -0.067777753 -1.972709537 -0.998156488 0.039129231 0.046395671 56.543285370
0.051788669 0.069540799 0.996233940 38.089256287 0.034685500 0.996845484 -0.071386598 -2.020673513 -0.998055577 0.038251884 0.049213242 56.593421936
0.055066291 0.071547836 0.995916009 38.857723236 0.035192795 0.996670544 -0.073547922 -2.072351217 -0.997862339 0.039099086 0.052364990 56.637619019
0.057143152 0.073114544 0.995685160 39.637802124 0.029353481 0.996760607 -0.074878126 -2.130540609 -0.997934401 0.033505600 0.054811876 56.704219818
0.060506858 0.073161364 0.995482981 40.415035248 0.024692364 0.996895373 -0.074766003 -2.173321962 -0.997862339 0.029104680 0.058512479 56.753189087
0.064847365 0.073427394 0.995190084 41.190998077 0.027177995 0.996789217 -0.075316332 -2.229161501 -0.997525036 0.031931337 0.062643543 56.800689697
0.068482168 0.074333027 0.994879305 41.956947327 0.026224753 0.996741712 -0.076277345 -2.286714792 -0.997307599 0.031314101 0.066309661 56.853588104
0.071999371 0.075294584 0.994558692 42.740596771 0.022362797 0.996774018 -0.077081226 -2.339100599 -0.997153938 0.027790915 0.070083313 56.928928375
0.076266862 0.073352776 0.994385660 43.534057617 0.021517828 0.996936917 -0.075191341 -2.392317533 -0.996855319 0.027131621 0.074454859 56.990280151
0.080584370 0.073058113 0.994066715 44.336002350 0.022055944 0.996935308 -0.075056911 -2.460868835 -0.996503711 0.027973494 0.078726053 57.075473785
0.086103372 0.076532088 0.993342340 45.131401062 0.018929295 0.996739447 -0.078434631 -2.517671824 -0.996106327 0.025556754 0.084373936 57.147998810
0.091485873 0.085320942 0.992144406 45.927089691 0.016710987 0.996050835 -0.087197796 -2.575799704 -0.995666146 0.024557078 0.089698792 57.241359711
0.099408045 0.090434395 0.990928710 46.707408905 0.015744509 0.995593846 -0.092439607 -2.631192684 -0.994922161 0.024790926 0.097546190 57.313270569
0.106271200 0.093584627 0.989923477 47.491367340 0.010570380 0.995398521 -0.095237002 -2.697321415 -0.994280934 0.020584820 0.104792990 57.419635773
0.113562152 0.090709068 0.989381373 48.293479919 0.008005207 0.995707512 -0.092207909 -2.779666901 -0.993498564 0.018391527 0.112348549 57.528026581
0.120912664 0.089328162 0.988635719 49.101982117 0.007973458 0.995823264 -0.090952761 -2.843023539 -0.992631078 0.018880185 0.119695388 57.637001038
0.128345087 0.085761547 0.988014460 49.929653168 0.007585289 0.996139765 -0.087452196 -2.910940647 -0.991700530 0.018718431 0.127199128 57.752841949
0.135713696 0.080449454 0.987476408 50.739627838 0.005590893 0.996619701 -0.081962742 -2.974600077 -0.990732372 0.016644340 0.134805173 57.872047424
0.143285200 0.073254272 0.986966610 51.545978546 0.002539627 0.997226357 -0.074384458 -3.034437180 -0.989678144 0.013164717 0.142701730 57.991649628
0.150174603 0.070787191 0.986122131 52.342182159 0.002283616 0.997405946 -0.071944959 -3.096281528 -0.988656819 0.013056229 0.149623394 58.127758026
0.157579884 0.072209381 0.984862626 53.138187408 0.002720420 0.997287512 -0.073555619 -3.154737473 -0.987502515 0.014270129 0.156956002 58.249740601
0.163630649 0.078836218 0.983366609 53.928054810 0.003176084 0.996754587 -0.080438010 -3.211842060 -0.986516595 0.016285380 0.162849218 58.381908417
0.168877423 0.082495429 0.982178628 54.711330414 0.001525879 0.996468127 -0.083957992 -3.268970013 -0.985635877 0.015677297 0.168155104 58.521785736
0.173712850 0.085270226 0.981097758 55.495449066 0.000681416 0.996233702 -0.086706385 -3.332423449 -0.984796166 0.015730551 0.173000500 58.675884247
0.178793162 0.085339174 0.980178714 56.269050598 -0.000987732 0.996246338 -0.086557940 -3.386157990 -0.983886182 0.014507813 0.178206354 58.831657410
0.183699816 0.082089201 0.979548693 57.024459839 0.001786551 0.996477365 -0.083842918 -3.465696096 -0.982980788 0.017151941 0.182906047 58.972496033
0.188225910 0.075458907 0.979222596 57.784152985 0.003051645 0.996994257 -0.077414975 -3.518852949 -0.982121050 0.017559743 0.187429875 59.120418549
0.191752359 0.069398515 0.978986621 58.535861969 0.001049140 0.997481823 -0.070915096 -3.576390982 -0.981442809 0.014625228 0.191196680 59.268493652
0.194700927 0.065951176 0.978642941 59.270633698 -0.002494415 0.997766972 -0.066743687 -3.634208679 -0.980859518 0.010553917 0.194430694 59.430461884
0.197901428 0.065904006 0.978003919 60.004829407 -0.004324771 0.997786224 -0.066361934 -3.685478210 -0.980212390 0.008903479 0.197748348 59.585556030
0.199927792 0.068250783 0.977430642 60.729877472 -0.006173660 0.997639060 -0.068399072 -3.728625298 -0.979791164 0.007640553 0.199877113 59.743629456
0.201408654 0.072612830 0.976812124 61.431724548 -0.010610545 0.997351706 -0.071951889 -3.780814171 -0.979449868 0.004127223 0.201645717 59.899520874
0.203534454 0.076737300 0.976055861 62.120929718 -0.011758743 0.997043371 -0.075935319 -3.831529379 -0.978997171 0.003978265 0.203835025 60.050884247
0.204950273 0.081757084 0.975351810 62.797595978 -0.011668909 0.996638536 -0.081089437 -3.884808779 -0.978702843 0.005238010 0.205215365 60.210487366
0.206339568 0.084176935 0.974852920 63.476085663 -0.011590747 0.996433079 -0.083587036 -3.937466860 -0.978411794 0.005948039 0.206579268 60.359298706
0.207756519 0.083924845 0.974573672 64.132888794 -0.013519634 0.996463895 -0.082927831 -3.989345312 -0.978087127 0.004052917 0.208156481 60.505088806
0.209612995 0.081020191 0.974421859 64.810890198 -0.013047022 0.996704161 -0.080066264 -4.043346882 -0.977697372 0.004069626 0.209979236 60.633682251
0.210293204 0.078495592 0.974482000 65.466316223 -0.013180310 0.996908486 -0.077457756 -4.096858978 -0.977549493 0.003444866 0.210677698 60.776035309
0.210493967 0.077266075 0.974536896 66.118728638 -0.011978623 0.997000694 -0.076459803 -4.146202564 -0.977521777 0.004420718 0.210788175 60.916831970
0.208910644 0.076606154 0.974929631 66.752876282 -0.012299111 0.997054040 -0.075709119 -4.193971157 -0.977857351 0.003825672 0.209237382 61.056537628
0.207669705 0.077463351 0.975126982 67.373413086 -0.013754164 0.996992290 -0.076271124 -4.247707367 -0.978102326 0.002427144 0.208110526 61.187046051
0.204633027 0.080091611 0.975556552 67.978492737 -0.014210912 0.996784866 -0.078853548 -4.297663689 -0.978735626 0.002272490 0.205113277 61.330753326
0.202423960 0.083945632 0.975693464 68.578475952 -0.012396713 0.996459126 -0.083160341 -4.346478462 -0.979219496 0.004738255 0.202747837 61.454368591
0.200734809 0.084677249 0.975979149 69.185592651 -0.010248995 0.996384382 -0.084339663 -4.393254280 -0.979592025 0.006927100 0.200876877 61.582843781
0.198717073 0.084030896 0.976447821 69.765251160 -0.010660749 0.996443927 -0.083582141 -4.429605007 -0.979998946 0.006199533 0.198906228 61.696262360
0.196670875 0.081114672 0.977108479 70.349510193 -0.010989529 0.996691704 -0.080528423 -4.479889870 -0.980407953 0.005099631 0.196911648 61.813152313
0.194620460 0.077102073 0.977843583 70.927444458 -0.010365447 0.997011781 -0.076550424 -4.529435635 -0.980823815 0.004762494 0.194838107 61.930847168
0.192971677 0.076294973 0.978233695 71.482048035 -0.006884531 0.997053087 -0.076404676 -4.575170517 -0.981180131 0.008009255 0.192928255 62.028907776
0.191549659 0.077887759 0.978387594 72.043304443 -0.002985455 0.996887922 -0.078776039 -4.617191792 -0.981478333 0.012168591 0.191186056 62.134979248
0.188460454 0.080074959 0.978810847 72.589668274 0.000279657 0.996665955 -0.081589505 -4.654874325 -0.982080758 0.015650131 0.187809736 62.244163513
0.186975598 0.082055159 0.978931665 73.136222839 -0.000135607 0.996507585 -0.083502509 -4.694563866 -0.982364595 0.015480180 0.186333731 62.345165253
0.185503751 0.084690034 0.978987217 73.681945801 -0.000514180 0.996287286 -0.086089209 -4.736982822 -0.982643485 0.015466497 0.184858561 62.455192566
0.184594676 0.082817525 0.979319215 74.232101440 0.001583107 0.996416926 -0.084561832 -4.785805702 -0.982813537 0.017160034 0.183802158 62.550510406
0.185263872 0.081697807 0.979286909 74.790382385 0.007083592 0.996401131 -0.084465697 -4.827069283 -0.982663333 0.022585312 0.184018433 62.657756805
0.187099874 0.079345226 0.979131281 75.315124512 0.011940186 0.996475279 -0.083032362 -4.872953415 -0.982268393 0.027226357 0.185493037 62.750846863
0.189325064 0.078741580 0.978752077 75.884613037 0.015070291 0.996429026 -0.083078839 -4.909886837 -0.981798828 0.030478988 0.187462345 62.853809357
0.193019003 0.078937165 0.978014529 76.445823669 0.012079176 0.996491969 -0.082812428 -4.951650620 -0.981120706 0.027797982 0.191388384 62.964771271
0.198335454 0.079315811 0.976919651 77.007324219 0.011403161 0.996466100 -0.083217874 -4.998050213 -0.980067909 0.027645027 0.196730122 63.091049194
0.204952538 0.078468896 0.975621343 77.565177917 0.012455448 0.996491432 -0.082764015 -5.034485340 -0.978692651 0.029114498 0.203256086 63.206790924
0.212503329 0.078662910 0.973988891 78.128875732 0.010764373 0.996505558 -0.082829989 -5.074405193 -0.977101088 0.028086027 0.210913986 63.340450287
0.220390812 0.076029010 0.972443998 78.708999634 0.011396146 0.996688902 -0.080507331 -5.125709057 -0.975345075 0.028825192 0.218794629 63.494056702
0.228938490 0.075552478 0.970504522 79.288047791 0.007962988 0.996804893 -0.079478353 -5.172134876 -0.973408341 0.025923774 0.227605388 63.648956299
0.238885626 0.075760655 0.968087792 79.881523132 0.006476722 0.996805370 -0.079606235 -5.213252544 -0.971026063 0.025286820 0.237631768 63.795066833
0.247894824 0.079461217 0.965522647 80.460853577 0.001076781 0.996607482 -0.082295902 -5.258816242 -0.968786359 0.021440387 0.246968254 63.969005585
0.257238746 0.081755914 0.962883234 81.055351257 -0.002478977 0.996467292 -0.083945192 -5.301269054 -0.966344655 0.019206988 0.256532669 64.144355774
0.268548489 0.084324464 0.959568202 81.656890869 -0.006257513 0.996292710 -0.085800469 -5.347660542 -0.963245869 0.017037077 0.268080533 64.316680908
0.278983414 0.086152859 0.956423521 82.261749268 -0.007852696 0.996138871 -0.087439761 -5.398719788 -0.960263789 0.016883738 0.278582782 64.503555298
0.288616598 0.086852953 0.953497291 82.866516113 -0.010704191 0.996107519 -0.087494187 -5.443889141 -0.957385063 0.015045856 0.288422823 64.697280884
0.298957914 0.087225512 0.950271487 83.496841431 -0.011172273 0.996065438 -0.087914124 -5.490031242 -0.954200983 0.015665928 0.298756123 64.905998230
0.308672577 0.088316023 0.947059453 84.136024475 -0.015695402 0.996017456 -0.087765925 -5.540009975 -0.951038837 0.012226459 0.308829457 65.134841919
0.318837792 0.083308905 0.944140971 84.783073425 -0.014739284 0.996445060 -0.082946613 -5.586636543 -0.947694719 0.012530553 0.318932265 65.365631104
0.329531997 0.076627932 0.941029608 85.472633362 -0.012286923 0.996964633 -0.076880030 -5.643836021 -0.944064438 0.013772077 0.329473287 65.616897583
0.340657234 0.072600290 0.937380314 86.139877319 -0.010619532 0.997247577 -0.073377751 -5.689552784 -0.940127611 0.015042119 0.340490580 65.861152649
0.350922495 0.068758830 0.933876634 86.812782288 -0.011192158 0.997537255 -0.069240302 -5.740612507 -0.936337650 0.013845886 0.350827783 66.120185852
0.359851778 0.066914558 0.930606842 87.478729248 -0.005809593 0.997566223 -0.069482736 -5.781929970 -0.932991385 0.019597042 0.359364718 66.388893127
0.368523061 0.061437871 0.927586198 88.182464600 0.001045470 0.997785687 -0.066502832 -5.819577217 -0.929617941 0.025477590 0.367642790 66.666206360
0.375442594 0.051902760 0.925391257 88.898200989 0.010578172 0.998125792 -0.060273949 -5.863551140 -0.926785231 0.032418359 0.374189883 66.945075989
0.382742435 0.047192071 0.922649026 89.625267029 0.016331941 0.998192847 -0.057831001 -5.908304691 -0.923710704 0.037203025 0.381280005 67.237884521
0.389819354 0.047543384 0.919663250 90.339210510 0.017660571 0.998096764 -0.059083942 -5.953748703 -0.920722008 0.039273843 0.388237804 67.547218323
0.397384316 0.053749848 0.916076779 91.052337646 0.020493377 0.997514307 -0.067417920 -5.989749908 -0.917423427 0.045564331 0.395295024 67.852996826
0.404357105 0.058099862 0.912753940 91.769073486 0.023832481 0.996972024 -0.074018605 -6.038077354 -0.914290726 0.051683139 0.401748091 68.171882629
0.409444422 0.060735885 0.910311162 92.498771667 0.021756586 0.996847808 -0.076295391 -6.080518723 -0.912075639 0.051043987 0.406832427 68.520690918
0.414414406 0.061553732 0.908004284 93.199874878 0.014953299 0.997114956 -0.074419267 -6.149763584 -0.909965456 0.044418074 0.412298441 68.827461243
0.418252051 0.065584190 0.905960143 93.870857239 0.007919035 0.997088790 -0.075837113 -6.200768471 -0.908296466 0.038893361 0.416515052 69.157897949
0.422428429 0.068636104 0.903793812 94.553009033 0.007083077 0.996848404 -0.079013459 -6.259936333 -0.906368613 0.039779179 0.420610934 69.483596802
0.426139235 0.073005773 0.901706994 95.219154358 0.003458586 0.996599734 -0.082323164 -6.316699028 -0.904650927 0.038199764 0.424437732 69.806632996
0.429615766 0.076103710 0.899799109 95.891052246 0.000673792 0.996415138 -0.084597051 -6.372032642 -0.903011560 0.036950506 0.428024262 70.139030457
0.433539689 0.074361101 0.898061037 96.550498962 -0.001034579 0.996629894 -0.082023337 -6.441521645 -0.901133835 0.034631256 0.432155520 70.460639954
0.437591702 0.071387470 0.896335602 97.180160522 0.000106318 0.996839345 -0.079443879 -6.492873669 -0.899173796 0.034859281 0.436201096 70.769561768
0.441008568 0.068712562 0.894868672 97.824073792 -0.000201172 0.997072577 -0.076461144 -6.546632767 -0.897502899 0.033540003 0.439731389 71.090187073
0.444493413 0.067633532 0.893225253 98.454200745 -0.001055541 0.997184575 -0.074979879 -6.603043079 -0.895781457 0.032385230 0.443313390 71.415985107
0.447764337 0.069607757 0.891438067 99.073043823 -0.003467734 0.997092903 -0.076115973 -6.655959606 -0.894144893 0.030990753 0.446704090 71.738960266
0.450792283 0.069712631 0.889902472 99.673309326 -0.002518455 0.997041047 -0.076829836 -6.713061810 -0.892625332 0.032393113 0.449633986 72.039031982
0.452969790 0.067629956 0.888957024 100.276863098 -0.000453323 0.997135878 -0.075628988 -6.765861034 -0.891525745 0.033854663 0.451703101 72.355056763
0.454947293 0.067066751 0.887989342 100.858589172 0.001170414 0.997114182 -0.075908214 -6.809686184 -0.890517592 0.035573553 0.453555912 72.627250671
0.456272066 0.066749781 0.887333214 101.461555481 0.000060917 0.997180223 -0.075044364 -6.860833645 -0.889840305 0.034294698 0.454981387 72.977691650
0.458108157 0.065931618 0.886447906 102.036621094 0.001646855 0.997180820 -0.075018696 -6.911088943 -0.888894916 0.035826527 0.456708044 73.281097412
0.460645407 0.068256520 0.884955823 102.599182129 0.000648164 0.997012675 -0.077236816 -6.953047276 -0.887583971 0.036152378 0.459224969 73.574066162
0.463690221 0.067822739 0.883397698 103.156845093 0.003961206 0.996897101 -0.078615867 -7.005783558 -0.885988593 0.039952721 0.461982727 73.863945007
0.466640443 0.067147441 0.881894410 103.706100464 0.005477940 0.996875405 -0.078800634 -7.053673744 -0.884430110 0.041602533 0.464814454 74.155738831
0.469287187 0.065538310 0.880610108 104.247520447 0.008418712 0.996864676 -0.078676820 -7.104310036 -0.883005440 0.044335630 0.467264056 74.465690613
0.473279506 0.064428456 0.878553033 104.766304016 0.009467514 0.996892214 -0.078207001 -7.149203777 -0.880861402 0.045331486 0.471198738 74.717697144
0.476283342 0.063752927 0.876977623 105.282836914 0.010815749 0.996867776 -0.078342490 -7.194738865 -0.879225373 0.046798386 0.474102080 75.003814697
0.480112195 0.063152649 0.874930859 105.800727844 0.011288468 0.996877789 -0.078149252 -7.239758968 -0.877134442 0.047397040 0.477900296 75.285896301
0.483442158 0.062360216 0.873152196 106.312118530 0.012779980 0.996850133 -0.078270622 -7.287236214 -0.875282943 0.048998188 0.481122524 75.572509766
0.487522751 0.063533612 0.870795548 106.813316345 0.012716547 0.996726632 -0.079841048 -7.329328537 -0.873017609 0.049997844 0.485118926 75.849479675
0.491595179 0.063814551 0.868482530 107.316680908 0.014474820 0.996574819 -0.081419863 -7.379258633 -0.870703518 0.052596748 0.488987684 76.144004822
0.495885670 0.067286693 0.865777075 107.809776306 0.012568874 0.996333003 -0.084632270 -7.421281815 -0.868296862 0.052849773 0.493221521 76.450981140
0.501680493 0.072908476 0.861975133 108.296051025 0.009257965 0.995932400 -0.089627244 -7.467442989 -0.865003526 0.052944373 0.498964876 76.737144470
0.507638097 0.080677539 0.857784808 108.783309937 0.003946764 0.995378017 -0.095954344 -7.509057522 -0.861561358 0.052095555 0.504973352 77.038810730
0.512989879 0.086347349 0.854040682 109.256835938 -0.001264502 0.995002806 -0.099839710 -7.568087101 -0.858393729 0.050136831 0.510535538 77.348403931
0.519251466 0.090777352 0.849786639 109.728836060 -0.005187315 0.994659185 -0.103083521 -7.623843670 -0.854605734 0.049118165 0.516949177 77.664085388
0.524872720 0.091532342 0.846244931 110.210639954 -0.009212678 0.994753897 -0.101881459 -7.664127827 -0.851130843 0.045678623 0.522962451 77.963272095
0.530865133 0.090983525 0.842558146 110.710815430 -0.015788650 0.995109439 -0.097508892 -7.711917400 -0.847309232 0.038461223 0.529705465 78.287246704
0.535630107 0.088311009 0.839822412 111.196449280 -0.021575913 0.995623350 -0.090933256 -7.764866829 -0.844177067 0.030586651 0.535191238 78.636253357
0.542176008 0.086236104 0.835827947 111.707412720 -0.027900370 0.996018827 -0.084665567 -7.820998669 -0.839801550 0.022583742 0.542423606 78.973434448
0.547813058 0.084439456 0.832328558 112.205932617 -0.030723713 0.996252775 -0.080848113 -7.870896816 -0.836036444 0.018717427 0.548354566 79.327781677
0.554256797 0.088038765 0.827676594 112.720367432 -0.035731405 0.995990455 -0.082014397 -7.915669918 -0.831578434 0.015882995 0.555180192 79.689079285
0.560293436 0.092046939 0.823163748 113.231933594 -0.039669558 0.995647669 -0.084332824 -7.960174084 -0.827343702 0.014596581 0.561506331 80.055397034
0.567221701 0.095514387 0.818007767 113.765426636 -0.042236742 0.995318651 -0.086930290 -8.001126289 -0.822481453 0.014758760 0.568600416 80.425041199
0.573231339 0.097768612 0.813539922 114.296844482 -0.044950437 0.995113075 -0.087916821 -8.050436974 -0.818159759 0.013827702 0.574824691 80.814392090
